QGC WPL 120
1	1	3	22	15.0	0.0	0.0	nan	40.092141	-3.692452	30.0	1
2	0	3	16	0.0	0.0	0.0	nan	40.093716	-3.692720	30.0	1
3	0	3	16	10.0	0.0	0.0	nan	40.093051	-3.699953	30.0	1
4	0	3	16	5.0	0.0	0.0	nan	40.091560	-3.699741	30.0	1
5	0	3	16	15.0	0.0	0.0	nan	40.092141	-3.692452	30.0	1
6	0	3	16	0.0	0.0	0.0	nan	40.093716	-3.692720	30.0	1
7	0	3	16	10.0	0.0	0.0	nan	40.093051	-3.699953	30.0	1
8 0	3	16	5.0	0.0	0.0	nan	40.091560	-3.699741	30.0	1
9	0	3	16	15.0	0.0	0.0	nan	40.092141	-3.692452	30.0	1
10	0	3	16	0.0	0.0	0.0	nan	40.093716	-3.692720	30.0	1
11	0	3	16	10.0	0.0	0.0	nan	40.093051	-3.699953	20.0	1
12	0	3	16	5.0	0.0	0.0	nan	40.091560	-3.699741	10.0	1
13	0	3	21	0.0	0.0	0.0	nan	40.091738	-3.695878	0	1